{
 "cells": [
  {
   "cell_type": "code",
   "execution_count": 1,
   "id": "a310465c",
   "metadata": {
    "ExecuteTime": {
     "end_time": "2023-01-11T08:27:18.000509Z",
     "start_time": "2023-01-11T08:27:17.226848Z"
    }
   },
   "outputs": [],
   "source": [
    "import numpy as np\n",
    "from utils import datasets"
   ]
  },
  {
   "cell_type": "code",
   "execution_count": 2,
   "id": "5abd73f9",
   "metadata": {
    "ExecuteTime": {
     "end_time": "2023-01-11T08:27:18.009846Z",
     "start_time": "2023-01-11T08:27:18.003090Z"
    }
   },
   "outputs": [],
   "source": [
    "def analyze(dataset):\n",
    "    imbalance = None\n",
    "    if dataset == 'digits':\n",
    "        imbalance = datasets.HIGH_IMBALANCE_AMOUNTS_DIGITS_DIFFERENT_PY\n",
    "    elif dataset == 'domainnet':\n",
    "        imbalance = datasets.IMBALANCE_AMOUNTS_DOMAINNET_DIFFERENT_PY\n",
    "    x_train, x_test, y_train, y_test, classes = datasets.load(dataset, imbalance=imbalance)\n",
    "    domains = x_train.keys()\n",
    "    for domain in domains:\n",
    "        print(domain, 'train', x_train[domain].shape)\n",
    "        classes, counts = np.unique(y_train[domain], return_counts=True)\n",
    "        print(classes, counts, counts / sum(counts))\n",
    "        print(domain, 'test', x_test[domain].shape)\n",
    "        classes, counts = np.unique(y_test[domain], return_counts=True)\n",
    "        print(classes, counts, counts / sum(counts))\n",
    "        print()"
   ]
  },
  {
   "cell_type": "code",
   "execution_count": 3,
   "id": "219a8606",
   "metadata": {
    "ExecuteTime": {
     "end_time": "2023-01-11T08:27:38.272347Z",
     "start_time": "2023-01-11T08:27:18.011904Z"
    }
   },
   "outputs": [
    {
     "name": "stdout",
     "output_type": "stream",
     "text": [
      "mnist train (2370, 3, 28, 28)\n",
      "[0 1 2 3 4 5 6 7 8 9] [500 500 500 500 200 100  40  10  10  10] [0.21097046 0.21097046 0.21097046 0.21097046 0.08438819 0.04219409\n",
      " 0.01687764 0.00421941 0.00421941 0.00421941]\n",
      "mnist test (10000, 3, 28, 28)\n",
      "[0 1 2 3 4 5 6 7 8 9] [ 980 1135 1032 1010  982  892  958 1028  974 1009] [0.098  0.1135 0.1032 0.101  0.0982 0.0892 0.0958 0.1028 0.0974 0.1009]\n",
      "\n",
      "mnistm train (2370, 3, 28, 28)\n",
      "[0 1 2 3 4 5 6 7 8 9] [ 10 200 100 500  40 500  10 500 500  10] [0.00421941 0.08438819 0.04219409 0.21097046 0.01687764 0.21097046\n",
      " 0.00421941 0.21097046 0.21097046 0.00421941]\n",
      "mnistm test (10000, 3, 28, 28)\n",
      "[0 1 2 3 4 5 6 7 8 9] [ 980 1135 1032 1010  982  892  958 1028  974 1009] [0.098  0.1135 0.1032 0.101  0.0982 0.0892 0.0958 0.1028 0.0974 0.1009]\n",
      "\n",
      "svhn train (2370, 3, 32, 32)\n",
      "[0 1 2 3 4 5 6 7 8 9] [200  10  10 500 500 100  40  10 500 500] [0.08438819 0.00421941 0.00421941 0.21097046 0.21097046 0.04219409\n",
      " 0.01687764 0.00421941 0.21097046 0.21097046]\n",
      "svhn test (26032, 3, 32, 32)\n",
      "[0 1 2 3 4 5 6 7 8 9] [1744 5099 4149 2882 2523 2384 1977 2019 1660 1595] [0.06699447 0.19587431 0.15938076 0.1107099  0.09691918 0.09157959\n",
      " 0.07594499 0.07755839 0.06376767 0.06127074]\n",
      "\n",
      "syn train (2370, 3, 32, 32)\n",
      "[0 1 2 3 4 5 6 7 8 9] [500 100 500  10  10  10 500 500  40 200] [0.21097046 0.04219409 0.21097046 0.00421941 0.00421941 0.00421941\n",
      " 0.21097046 0.21097046 0.01687764 0.08438819]\n",
      "syn test (9553, 3, 32, 32)\n",
      "[0 1 2 3 4 5 6 7 8 9] [ 950  968  921  883  939  955 1016  992  979  950] [0.0994452  0.10132943 0.0964095  0.0924317  0.09829373 0.0999686\n",
      " 0.10635402 0.10384173 0.1024809  0.0994452 ]\n",
      "\n",
      "usps train (2370, 3, 28, 28)\n",
      "[0 1 2 3 4 5 6 7 8 9] [ 10 200  10  10 100 500 500 500  40 500] [0.00421941 0.08438819 0.00421941 0.00421941 0.04219409 0.21097046\n",
      " 0.21097046 0.21097046 0.01687764 0.21097046]\n",
      "usps test (1860, 3, 28, 28)\n",
      "[0 1 2 3 4 5 6 7 8 9] [324 250 196 151 172 142 157 160 138 170] [0.17419355 0.1344086  0.10537634 0.0811828  0.09247312 0.07634409\n",
      " 0.0844086  0.08602151 0.07419355 0.09139785]\n",
      "\n"
     ]
    }
   ],
   "source": [
    "analyze('digits')"
   ]
  },
  {
   "cell_type": "code",
   "execution_count": 4,
   "id": "0d229403",
   "metadata": {
    "ExecuteTime": {
     "end_time": "2023-01-11T08:27:38.935857Z",
     "start_time": "2023-01-11T08:27:38.273999Z"
    }
   },
   "outputs": [
    {
     "name": "stdout",
     "output_type": "stream",
     "text": [
      "clipart train (900, 3, 32, 32)\n",
      "[ 0  1  2  3  4  5  6  7  8  9 10 11 12 13 14 15 16] [120 120 120 120  80  60  60  40  40  25  25  25  25  10  10  10  10] [0.13333333 0.13333333 0.13333333 0.13333333 0.08888889 0.06666667\n",
      " 0.06666667 0.04444444 0.04444444 0.02777778 0.02777778 0.02777778\n",
      " 0.02777778 0.01111111 0.01111111 0.01111111 0.01111111]\n",
      "clipart test (1020, 3, 32, 32)\n",
      "[ 0  1  2  3  4  5  6  7  8  9 10 11 12 13 14 15 16] [60 60 60 60 60 60 60 60 60 60 60 60 60 60 60 60 60] [0.05882353 0.05882353 0.05882353 0.05882353 0.05882353 0.05882353\n",
      " 0.05882353 0.05882353 0.05882353 0.05882353 0.05882353 0.05882353\n",
      " 0.05882353 0.05882353 0.05882353 0.05882353 0.05882353]\n",
      "\n",
      "infograph train (900, 3, 32, 32)\n",
      "[ 0  1  2  3  4  5  6  7  8  9 10 11 12 13 14 15 16] [ 60  25  40 120 120  25  60  40 120  25  10  80  25  10  10 120  10] [0.06666667 0.02777778 0.04444444 0.13333333 0.13333333 0.02777778\n",
      " 0.06666667 0.04444444 0.13333333 0.02777778 0.01111111 0.08888889\n",
      " 0.02777778 0.01111111 0.01111111 0.13333333 0.01111111]\n",
      "infograph test (1020, 3, 32, 32)\n",
      "[ 0  1  2  3  4  5  6  7  8  9 10 11 12 13 14 15 16] [60 60 60 60 60 60 60 60 60 60 60 60 60 60 60 60 60] [0.05882353 0.05882353 0.05882353 0.05882353 0.05882353 0.05882353\n",
      " 0.05882353 0.05882353 0.05882353 0.05882353 0.05882353 0.05882353\n",
      " 0.05882353 0.05882353 0.05882353 0.05882353 0.05882353]\n",
      "\n",
      "painting train (900, 3, 32, 32)\n",
      "[ 0  1  2  3  4  5  6  7  8  9 10 11 12 13 14 15 16] [120  10  10  40 120  25  10  60  25  40 120  60  10  80  25  25 120] [0.13333333 0.01111111 0.01111111 0.04444444 0.13333333 0.02777778\n",
      " 0.01111111 0.06666667 0.02777778 0.04444444 0.13333333 0.06666667\n",
      " 0.01111111 0.08888889 0.02777778 0.02777778 0.13333333]\n",
      "painting test (1020, 3, 32, 32)\n",
      "[ 0  1  2  3  4  5  6  7  8  9 10 11 12 13 14 15 16] [60 60 60 60 60 60 60 60 60 60 60 60 60 60 60 60 60] [0.05882353 0.05882353 0.05882353 0.05882353 0.05882353 0.05882353\n",
      " 0.05882353 0.05882353 0.05882353 0.05882353 0.05882353 0.05882353\n",
      " 0.05882353 0.05882353 0.05882353 0.05882353 0.05882353]\n",
      "\n",
      "real train (900, 3, 32, 32)\n",
      "[ 0  1  2  3  4  5  6  7  8  9 10 11 12 13 14 15 16] [120  10  25  40  25  10  25  25  60 120 120  40  60 120  80  10  10] [0.13333333 0.01111111 0.02777778 0.04444444 0.02777778 0.01111111\n",
      " 0.02777778 0.02777778 0.06666667 0.13333333 0.13333333 0.04444444\n",
      " 0.06666667 0.13333333 0.08888889 0.01111111 0.01111111]\n",
      "real test (1020, 3, 32, 32)\n",
      "[ 0  1  2  3  4  5  6  7  8  9 10 11 12 13 14 15 16] [60 60 60 60 60 60 60 60 60 60 60 60 60 60 60 60 60] [0.05882353 0.05882353 0.05882353 0.05882353 0.05882353 0.05882353\n",
      " 0.05882353 0.05882353 0.05882353 0.05882353 0.05882353 0.05882353\n",
      " 0.05882353 0.05882353 0.05882353 0.05882353 0.05882353]\n",
      "\n",
      "sketch train (900, 3, 32, 32)\n",
      "[ 0  1  2  3  4  5  6  7  8  9 10 11 12 13 14 15 16] [ 60  25  10 120  10  40  40  10 120 120 120  25  80  25  25  10  60] [0.06666667 0.02777778 0.01111111 0.13333333 0.01111111 0.04444444\n",
      " 0.04444444 0.01111111 0.13333333 0.13333333 0.13333333 0.02777778\n",
      " 0.08888889 0.02777778 0.02777778 0.01111111 0.06666667]\n",
      "sketch test (1020, 3, 32, 32)\n",
      "[ 0  1  2  3  4  5  6  7  8  9 10 11 12 13 14 15 16] [60 60 60 60 60 60 60 60 60 60 60 60 60 60 60 60 60] [0.05882353 0.05882353 0.05882353 0.05882353 0.05882353 0.05882353\n",
      " 0.05882353 0.05882353 0.05882353 0.05882353 0.05882353 0.05882353\n",
      " 0.05882353 0.05882353 0.05882353 0.05882353 0.05882353]\n",
      "\n",
      "quickdraw train (900, 3, 32, 32)\n",
      "[ 0  1  2  3  4  5  6  7  8  9 10 11 12 13 14 15 16] [ 40  60  25  10 120  10  40  10 120  25 120  25 120  80  25  10  60] [0.04444444 0.06666667 0.02777778 0.01111111 0.13333333 0.01111111\n",
      " 0.04444444 0.01111111 0.13333333 0.02777778 0.13333333 0.02777778\n",
      " 0.13333333 0.08888889 0.02777778 0.01111111 0.06666667]\n",
      "quickdraw test (1020, 3, 32, 32)\n",
      "[ 0  1  2  3  4  5  6  7  8  9 10 11 12 13 14 15 16] [60 60 60 60 60 60 60 60 60 60 60 60 60 60 60 60 60] [0.05882353 0.05882353 0.05882353 0.05882353 0.05882353 0.05882353\n",
      " 0.05882353 0.05882353 0.05882353 0.05882353 0.05882353 0.05882353\n",
      " 0.05882353 0.05882353 0.05882353 0.05882353 0.05882353]\n",
      "\n"
     ]
    }
   ],
   "source": [
    "analyze('domainnet')"
   ]
  },
  {
   "cell_type": "code",
   "execution_count": 5,
   "id": "966e78e3",
   "metadata": {
    "ExecuteTime": {
     "end_time": "2023-01-11T08:27:38.952407Z",
     "start_time": "2023-01-11T08:27:38.938145Z"
    }
   },
   "outputs": [
    {
     "name": "stdout",
     "output_type": "stream",
     "text": [
      "1 train (800, 17)\n",
      "[0 1] [ 59 741] [0.07375 0.92625]\n",
      "1 test (2000, 17)\n",
      "[0 1] [ 160 1840] [0.08 0.92]\n",
      "\n",
      "2 train (800, 17)\n",
      "[0 1] [ 99 701] [0.12375 0.87625]\n",
      "2 test (2000, 17)\n",
      "[0 1] [ 259 1741] [0.1295 0.8705]\n",
      "\n",
      "3 train (800, 17)\n",
      "[0 1] [110 690] [0.1375 0.8625]\n",
      "3 test (2000, 17)\n",
      "[0 1] [ 277 1723] [0.1385 0.8615]\n",
      "\n",
      "4 train (800, 17)\n",
      "[0 1] [ 84 716] [0.105 0.895]\n",
      "4 test (2000, 17)\n",
      "[0 1] [ 216 1784] [0.108 0.892]\n",
      "\n",
      "5 train (800, 17)\n",
      "[0 1] [ 39 761] [0.04875 0.95125]\n",
      "5 test (2000, 17)\n",
      "[0 1] [  78 1922] [0.039 0.961]\n",
      "\n"
     ]
    }
   ],
   "source": [
    "analyze('covid')"
   ]
  },
  {
   "cell_type": "code",
   "execution_count": 9,
   "id": "7b232c31-1c29-4523-9fcd-42bbd745b905",
   "metadata": {},
   "outputs": [
    {
     "data": {
      "text/plain": [
       "100.0"
      ]
     },
     "execution_count": 9,
     "metadata": {},
     "output_type": "execute_result"
    }
   ],
   "source": [
    "(59) / (59 + 741)"
   ]
  },
  {
   "cell_type": "code",
   "execution_count": 6,
   "id": "1e9d5ce0",
   "metadata": {
    "ExecuteTime": {
     "end_time": "2023-01-11T11:48:07.085123Z",
     "start_time": "2023-01-11T11:48:07.075500Z"
    }
   },
   "outputs": [
    {
     "data": {
      "text/plain": [
       "0.90225"
      ]
     },
     "execution_count": 6,
     "metadata": {},
     "output_type": "execute_result"
    }
   ],
   "source": [
    "sum([800-59, 800-99, 800-110, 800-84, 800-39]) / (800*5)"
   ]
  },
  {
   "cell_type": "code",
   "execution_count": 7,
   "id": "bd0b20cd",
   "metadata": {
    "ExecuteTime": {
     "end_time": "2023-01-11T11:48:43.892056Z",
     "start_time": "2023-01-11T11:48:43.882341Z"
    }
   },
   "outputs": [
    {
     "data": {
      "text/plain": [
       "3609"
      ]
     },
     "execution_count": 7,
     "metadata": {},
     "output_type": "execute_result"
    }
   ],
   "source": [
    "sum([800-59, 800-99, 800-110, 800-84, 800-39])"
   ]
  }
 ],
 "metadata": {
  "kernelspec": {
   "display_name": "Python 3 (ipykernel)",
   "language": "python",
   "name": "python3"
  },
  "language_info": {
   "codemirror_mode": {
    "name": "ipython",
    "version": 3
   },
   "file_extension": ".py",
   "mimetype": "text/x-python",
   "name": "python",
   "nbconvert_exporter": "python",
   "pygments_lexer": "ipython3",
   "version": "3.10.9"
  },
  "latex_envs": {
   "LaTeX_envs_menu_present": true,
   "autoclose": false,
   "autocomplete": true,
   "bibliofile": "biblio.bib",
   "cite_by": "apalike",
   "current_citInitial": 1,
   "eqLabelWithNumbers": true,
   "eqNumInitial": 1,
   "hotkeys": {
    "equation": "Ctrl-E",
    "itemize": "Ctrl-I"
   },
   "labels_anchors": false,
   "latex_user_defs": false,
   "report_style_numbering": false,
   "user_envs_cfg": false
  }
 },
 "nbformat": 4,
 "nbformat_minor": 5
}
